TSV (23) —— s/(\d\d+)/\./g
.	.	4	.	.	6	.	.	1
.	2	.	9	.	7	.	.	.
.	.	.	.	.	3	.	.	5
.	.	.	.	.	.	3	.	6
.	9	.	7	.	.	1	.	.
3	7	.	.	.	.	.	.	8
4	.	.	.	5	.	.	.	.
.	.	.	2	.	.	.	8	.
7	.	.	6	.	.	2	.	.


==================================================
Puzzle Iteration (1)
==================================================


TSV (23) —— s/(\d\d+)/\./g
589	358	4	58	28	6	789	2379	1
1568	2	13568	9	148	7	468	346	34
1689	168	16789	148	1248	3	46789	24679	5
1258	1458	1258	1458	12489	124589	3	24579	6
2568	9	2568	7	23468	2458	1	245	24
3	7	1256	145	12469	12459	459	2459	8
4	1368	123689	138	5	189	679	13679	379
1569	1356	13569	2	13479	149	45679	8	3479
7	1358	13589	6	13489	1489	2	13459	349

List 3 — 1258|1458|1258|1458|12489|124589|3|24579|6
Digit 7 found once; Changing cells[34]=24579 to value 7. Knowns: 24 | setRequiredValues

List 4 — 2568|9|2568|7|23468|2458|1|245|24
Digit 3 found once; Changing cells[40]=23468 to value 3. Knowns: 25 | setRequiredValues

List 6 — 4|1368|123689|138|5|189|679|13679|379
Digit 2 found once; Changing cells[56]=123689 to value 2. Knowns: 26 | setRequiredValues

List 10 — 358|2|168|1458|9|7|1368|1356|1358
Digit 4 found once; Changing cells[28]=1458 to value 4. Knowns: 27 | setRequiredValues

List 11 — 4|13568|16789|1258|2568|1256|2|13569|13589
Digit 7 found once; Changing cells[20]=16789 to value 7. Knowns: 28 | setRequiredValues

List 12 — 58|9|148|1458|7|145|138|2|6
Digit 3 found once; Changing cells[57]=138 to value 3. Knowns: 29 | setRequiredValues

List 13 — 28|148|1248|12489|3|12469|5|13479|13489
Digit 6 found once; Changing cells[49]=12469 to value 6. Knowns: 30 | setRequiredValues

List 13 — 28|148|1248|12489|3|12469|5|13479|13489
Digit 7 found once; Changing cells[67]=13479 to value 7. Knowns: 31 | setRequiredValues

List 17 — 1|34|5|6|24|8|379|3479|349
Digit 2 found once; Changing cells[44]=24 to value 2. Knowns: 32 | setRequiredValues

List 19 — 58|28|6|9|148|7|148|1248|3
Digit 5 found once; Changing cells[3]=58 to value 5. Knowns: 33 | setRequiredValues


0	Row_1 (5)	[5|8|9][3|5|8][4][5][2|8][6][7|8|9][2|3|7|9][1]
1	Row_2 (19)	[1|5|6|8][2][1|3|5|6|8][9][1|4|8][7][4|6|8][3|4|6][3|4]
2	Row_3 (36)	[1|6|8|9][1|6|8][7][1|4|8][1|2|4|8][3][4|6|7|8|9][2|4|6|7|9][5]
3	Row_4 (32)	[1|2|5|8][4][1|2|5|8][1|4|5|8][1|2|4|8|9][1|2|4|5|8|9][3][7][6]
4	Row_5 (6)	[2|5|6|8][9][2|5|6|8][7][3][2|4|5|8][1][2|4|5][2]
5	Row_6 (23)	[3][7][1|2|5|6][1|4|5][6][1|2|4|5|9][4|5|9][2|4|5|9][8]
6	Row_7 (11)	[4][1|3|6|8][2][3][5][1|8|9][6|7|9][1|3|6|7|9][3|7|9]
7	Row_8 (54)	[1|5|6|9][1|3|5|6][1|3|5|6|9][2][7][1|4|9][4|5|6|7|9][8][3|4|7|9]
8	Row_9 (103)	[7][1|3|5|8][1|3|5|8|9][6][1|3|4|8|9][1|4|8|9][2][1|3|4|5|9][3|4|9]

9	Col_1 (50)	[5|8|9][1|5|6|8][1|6|8|9][1|2|5|8][2|5|6|8][3][4][1|5|6|9][7]
10	Col_2 (26)	[3|5|8][2][1|6|8][4][9][7][1|3|6|8][1|3|5|6][1|3|5|8]
11	Col_3 (38)	[4][1|3|5|6|8][7][1|2|5|8][2|5|6|8][1|2|5|6][2][1|3|5|6|9][1|3|5|8|9]
12	Col_4 (4)	[5][9][1|4|8][1|4|5|8][7][1|4|5][3][2][6]
13	Col_5 (18)	[2|8][1|4|8][1|2|4|8][1|2|4|8|9][3][6][5][7][1|3|4|8|9]
14	Col_6 (64)	[6][7][3][1|2|4|5|8|9][2|4|5|8][1|2|4|5|9][1|8|9][1|4|9][1|4|8|9]
15	Col_7 (37)	[7|8|9][4|6|8][4|6|7|8|9][3][1][4|5|9][6|7|9][4|5|6|7|9][2]
16	Col_8 (60)	[2|3|7|9][3|4|6][2|4|6|7|9][7][2|4|5][2|4|5|9][1|3|6|7|9][8][1|3|4|5|9]
17	Col_9 (7)	[1][3|4][5][6][2][8][3|7|9][3|4|7|9][3|4|9]

18	Box_1 (34)	[5|8|9][3|5|8][4][1|5|6|8][2][1|3|5|6|8][1|6|8|9][1|6|8][7]
19	Box_2 (8)	[5][2|8][6][9][1|4|8][7][1|4|8][1|2|4|8][3]
20	Box_3 (44)	[7|8|9][2|3|7|9][1][4|6|8][3|4|6][3|4][4|6|7|8|9][2|4|6|7|9][5]
21	Box_4 (40)	[1|2|5|8][4][1|2|5|8][2|5|6|8][9][2|5|6|8][3][7][1|2|5|6]
22	Box_5 (106)	[1|4|5|8][1|2|4|8|9][1|2|4|5|8|9][7][3][2|4|5|8][1|4|5][6][1|2|4|5|9]
23	Box_6 (4)	[3][7][6][1][2|4|5][2][4|5|9][2|4|5|9][8]
24	Box_7 (100)	[4][1|3|6|8][2][1|5|6|9][1|3|5|6][1|3|5|6|9][7][1|3|5|8][1|3|5|8|9]
25	Box_8 (14)	[3][5][1|8|9][2][7][1|4|9][6][1|3|4|8|9][1|4|8|9]
26	Box_9 (45)	[6|7|9][1|3|6|7|9][3|7|9][4|5|6|7|9][8][3|4|7|9][2][1|3|4|5|9][3|4|9]

Filtered intersection 0; ( 5, 5 ), ( 34, 18 )

Filtered intersection 2; ( 5, 5 ), ( 44, 25 )

Filtered intersection 6; ( 36, 32 ), ( 18, 18 )

Filtered intersection 7; ( 32, 26 ), ( 8, 8 )

Filtered intersection 8; ( 26, 24 ), ( 25, 25 )

Filtered intersection 10; ( 32, 32 ), ( 106, 44 )

Filtered intersection 12; ( 6, 6 ), ( 40, 20 )

Filtered intersection 13; ( 6, 6 ), ( 44, 30 )

Filtered intersection 16; ( 23, 18 ), ( 30, 30 )

Filtered intersection 17; ( 18, 14 ), ( 4, 4 )

Filtered intersection 18; ( 11, 11 ), ( 100, 78 )

Filtered intersection 20; ( 11, 11 ), ( 45, 22 )

Filtered intersection 21; ( 54, 54 ), ( 78, 72 )

Filtered intersection 23; ( 54, 50 ), ( 22, 22 )

Filtered intersection 25; ( 103, 84 ), ( 14, 14 )

Filtered intersection 26; ( 84, 80 ), ( 22, 22 )

Filtered intersection 27; ( 50, 30 ), ( 18, 18 )

Filtered intersection 28; ( 30, 15 ), ( 20, 6 )

Filtered intersection 29; ( 15, 15 ), ( 72, 44 )

Filtered intersection 30; ( 26, 15 ), ( 18, 18 )

Filtered intersection 32; ( 15, 8 ), ( 44, 13 )

Filtered intersection 34; ( 38, 19 ), ( 6, 6 )

Filtered intersection 35; ( 19, 14 ), ( 13, 13 )

Filtered intersection 37; ( 4, 3 ), ( 30, 14 )

Filtered intersection 39; ( 18, 16 ), ( 8, 8 )

Filtered intersection 40; ( 16, 13 ), ( 14, 10 )

Filtered intersection 43; ( 64, 33 ), ( 10, 10 )

Filtered intersection 45; ( 37, 24 ), ( 25, 25 )

Filtered intersection 47; ( 24, 16 ), ( 22, 22 )

Filtered intersection 48; ( 60, 28 ), ( 25, 12 )

Filtered intersection 50; ( 28, 22 ), ( 22, 20 )

Filtered intersection 53; ( 7, 4 ), ( 20, 6 )

List 9 — Setting cells[27]=2 Knowns: 34 | setColumnSummary

List 17 — Setting cells[62]=7 Knowns: 35 | setColumnSummary

List 20 — Setting cells[6]=7 Knowns: 36 | setColumnSummary

List 26 — Setting cells[60]=6 Knowns: 37 | setColumnSummary

List 26 — Setting cells[61]=1 Knowns: 38 | setColumnSummary

TSV (38) —— s/(\d\d+)/\./g
89	38	4	5	28	6	7	239	1
1568	2	3568	9	148	7	468	346	34
1689	16	7	148	1248	3	4689	2469	5
2	4	158	18	189	12589	3	7	6
568	9	568	7	3	458	1	45	2
3	7	15	14	6	1245	459	459	8
4	168	2	3	5	189	6	1	7
16	1356	39	2	7	149	45	8	349
7	1358	389	6	1489	1489	2	345	349


==================================================
Puzzle Iteration (2)
==================================================


TSV (38) —— s/(\d\d+)/\./g
89	38	4	5	28	6	7	239	1
1568	2	3568	9	148	7	468	346	34
1689	16	7	148	1248	3	4689	2469	5
2	4	158	18	189	12589	3	7	6
568	9	568	7	3	458	1	45	2
3	7	15	14	6	1245	459	459	8
4	168	2	3	5	189	6	1	7
16	1356	39	2	7	149	45	8	349
7	1358	389	6	1489	1489	2	345	349

List 5 — 3|7|15|14|6|1245|459|459|8
Digit 2 found once; Changing cells[50]=1245 to value 2. Knowns: 39 | setRequiredValues

List 6 — 4|168|2|3|5|189|6|1|7
Digit 9 found once; Changing cells[59]=189 to value 9. Knowns: 40 | setRequiredValues


0	Row_1 (3)	[8|9][3|8][4][5][2|8][6][7][2|3|9][1]
1	Row_2 (15)	[1|5|6|8][2][3|5|6|8][9][1|4|8][7][4|6|8][3|4|6][3|4]
2	Row_3 (18)	[1|6|8|9][1|6][7][1|4|8][1|2|4|8][3][4|6|8|9][2|4|6|9][5]
3	Row_4 (6)	[2][4][1|5|8][1|8][1|8|9][1|2|5|8|9][3][7][6]
4	Row_5 (6)	[5|6|8][9][5|6|8][7][3][4|5|8][1][4|5][2]
5	Row_6 (4)	[3][7][1|5][1|4][6][2][4|5|9][4|5|9][8]
6	Row_7 (1)	[4][1|6|8][2][3][5][9][6][1][7]
7	Row_8 (9)	[1|6][1|3|5|6][3|9][2][7][1|4|9][4|5][8][3|4|9]
8	Row_9 (32)	[7][1|3|5|8][3|8|9][6][1|4|8|9][1|4|8|9][2][3|4|5][3|4|9]

9	Col_1 (10)	[8|9][1|5|6|8][1|6|8|9][2][5|6|8][3][4][1|6][7]
10	Col_2 (8)	[3|8][2][1|6][4][9][7][1|6|8][1|3|5|6][1|3|5|8]
11	Col_3 (14)	[4][3|5|6|8][7][1|5|8][5|6|8][1|5][2][3|9][3|8|9]
12	Col_4 (3)	[5][9][1|4|8][1|8][7][1|4][3][2][6]
13	Col_5 (13)	[2|8][1|4|8][1|2|4|8][1|8|9][3][6][5][7][1|4|8|9]
14	Col_6 (6)	[6][7][3][1|2|5|8|9][4|5|8][2][9][1|4|9][1|4|8|9]
15	Col_7 (4)	[7][4|6|8][4|6|8|9][3][1][4|5|9][6][4|5][2]
16	Col_8 (10)	[2|3|9][3|4|6][2|4|6|9][7][4|5][4|5|9][1][8][3|4|5]
17	Col_9 (4)	[1][3|4][5][6][2][8][7][3|4|9][3|4|9]

18	Box_1 (12)	[8|9][3|8][4][1|5|6|8][2][3|5|6|8][1|6|8|9][1|6][7]
19	Box_2 (8)	[5][2|8][6][9][1|4|8][7][1|4|8][1|2|4|8][3]
20	Box_3 (12)	[7][2|3|9][1][4|6|8][3|4|6][3|4][4|6|8|9][2|4|6|9][5]
21	Box_4 (6)	[2][4][1|5|8][5|6|8][9][5|6|8][3][7][1|5]
22	Box_5 (6)	[1|8][1|8|9][1|2|5|8|9][7][3][4|5|8][1|4][6][2]
23	Box_6 (4)	[3][7][6][1][4|5][2][4|5|9][4|5|9][8]
24	Box_7 (13)	[4][1|6|8][2][1|6][1|3|5|6][3|9][7][1|3|5|8][3|8|9]
25	Box_8 (4)	[3][5][9][2][7][1|4|9][6][1|4|8|9][1|4|8|9]
26	Box_9 (6)	[6][1][7][4|5][8][3|4|9][2][3|4|5][3|4|9]

Filtered intersection 5; ( 15, 12 ), ( 12, 12 )

Filtered intersection 18; ( 1, 1 ), ( 13, 6 )

Filtered intersection 21; ( 9, 8 ), ( 6, 6 )

Filtered intersection 22; ( 8, 6 ), ( 4, 4 )

Filtered intersection 23; ( 6, 6 ), ( 6, 5 )

Filtered intersection 24; ( 32, 12 ), ( 6, 6 )

Filtered intersection 25; ( 12, 10 ), ( 4, 4 )

Filtered intersection 32; ( 8, 3 ), ( 6, 6 )

Filtered intersection 35; ( 14, 12 ), ( 6, 6 )

Filtered intersection 41; ( 13, 8 ), ( 4, 4 )

Filtered intersection 43; ( 6, 6 ), ( 6, 4 )

Filtered intersection 45; ( 4, 4 ), ( 12, 8 )

Filtered intersection 53; ( 4, 3 ), ( 5, 5 )

List 6 — Setting cells[55]=8 Knowns: 41 | setColumnSummary

List 10 — Setting cells[1]=3 Knowns: 42 | setColumnSummary

List 13 — Setting cells[31]=9 Knowns: 43 | setColumnSummary

TSV (43) —— s/(\d\d+)/\./g
89	3	4	5	28	6	7	239	1
1568	2	568	9	148	7	48	346	34
1689	16	7	148	1248	3	489	2469	5
2	4	158	18	9	158	3	7	6
568	9	568	7	3	458	1	45	2
3	7	15	14	6	2	459	459	8
4	8	2	3	5	9	6	1	7
16	156	39	2	7	14	45	8	39
7	15	39	6	148	148	2	345	349


==================================================
Puzzle Iteration (3)
==================================================


TSV (43) —— s/(\d\d+)/\./g
89	3	4	5	28	6	7	239	1
1568	2	568	9	148	7	48	346	34
1689	16	7	148	1248	3	489	2469	5
2	4	158	18	9	158	3	7	6
568	9	568	7	3	458	1	45	2
3	7	15	14	6	2	459	459	8
4	8	2	3	5	9	6	1	7
16	156	39	2	7	14	45	8	39
7	15	39	6	148	148	2	345	349


0	Row_1 (2)	[8|9][3][4][5][2|8][6][7][2|3|9][1]
1	Row_2 (8)	[1|5|6|8][2][5|6|8][9][1|4|8][7][4|8][3|4|6][3|4]
2	Row_3 (15)	[1|6|8|9][1|6][7][1|4|8][1|2|4|8][3][4|8|9][2|4|6|9][5]
3	Row_4 (4)	[2][4][1|5|8][1|8][9][1|5|8][3][7][6]
4	Row_5 (6)	[5|6|8][9][5|6|8][7][3][4|5|8][1][4|5][2]
5	Row_6 (4)	[3][7][1|5][1|4][6][2][4|5|9][4|5|9][8]
6	Row_7 (1)	[4][8][2][3][5][9][6][1][7]
7	Row_8 (6)	[1|6][1|5|6][3|9][2][7][1|4][4|5][8][3|9]
8	Row_9 (10)	[7][1|5][3|9][6][1|4|8][1|4|8][2][3|4|5][3|4|9]

9	Col_1 (10)	[8|9][1|5|6|8][1|6|8|9][2][5|6|8][3][4][1|6][7]
10	Col_2 (3)	[3][2][1|6][4][9][7][8][1|5|6][1|5]
11	Col_3 (12)	[4][5|6|8][7][1|5|8][5|6|8][1|5][2][3|9][3|9]
12	Col_4 (3)	[5][9][1|4|8][1|8][7][1|4][3][2][6]
13	Col_5 (8)	[2|8][1|4|8][1|2|4|8][9][3][6][5][7][1|4|8]
14	Col_6 (6)	[6][7][3][1|5|8][4|5|8][2][9][1|4][1|4|8]
15	Col_7 (4)	[7][4|8][4|8|9][3][1][4|5|9][6][4|5][2]
16	Col_8 (10)	[2|3|9][3|4|6][2|4|6|9][7][4|5][4|5|9][1][8][3|4|5]
17	Col_9 (3)	[1][3|4][5][6][2][8][7][3|9][3|4|9]

18	Box_1 (10)	[8|9][3][4][1|5|6|8][2][5|6|8][1|6|8|9][1|6][7]
19	Box_2 (8)	[5][2|8][6][9][1|4|8][7][1|4|8][1|2|4|8][3]
20	Box_3 (8)	[7][2|3|9][1][4|8][3|4|6][3|4][4|8|9][2|4|6|9][5]
21	Box_4 (6)	[2][4][1|5|8][5|6|8][9][5|6|8][3][7][1|5]
22	Box_5 (4)	[1|8][9][1|5|8][7][3][4|5|8][1|4][6][2]
23	Box_6 (4)	[3][7][6][1][4|5][2][4|5|9][4|5|9][8]
24	Box_7 (6)	[4][8][2][1|6][1|5|6][3|9][7][1|5][3|9]
25	Box_8 (4)	[3][5][9][2][7][1|4][6][1|4|8][1|4|8]
26	Box_9 (5)	[6][1][7][4|5][8][3|9][2][3|4|5][3|4|9]

Filtered intersection 2; ( 2, 2 ), ( 8, 7 )

Filtered intersection 6; ( 15, 15 ), ( 10, 8 )

Filtered intersection 8; ( 15, 9 ), ( 7, 7 )

Filtered intersection 27; ( 10, 8 ), ( 8, 8 )

Filtered intersection 48; ( 10, 8 ), ( 7, 7 )

TSV (43) —— s/(\d\d+)/\./g
89	3	4	5	28	6	7	29	1
1568	2	568	9	148	7	48	346	34
1689	16	7	148	1248	3	489	2469	5
2	4	158	18	9	158	3	7	6
568	9	568	7	3	458	1	45	2
3	7	15	14	6	2	459	459	8
4	8	2	3	5	9	6	1	7
16	156	39	2	7	14	45	8	39
7	15	39	6	148	148	2	345	349


==================================================
Puzzle Iteration (4)
==================================================


TSV (43) —— s/(\d\d+)/\./g
89	3	4	5	28	6	7	29	1
1568	2	568	9	148	7	48	346	34
1689	16	7	148	1248	3	489	2469	5
2	4	158	18	9	158	3	7	6
568	9	568	7	3	458	1	45	2
3	7	15	14	6	2	459	459	8
4	8	2	3	5	9	6	1	7
16	156	39	2	7	14	45	8	39
7	15	39	6	148	148	2	345	349


0	Row_1 (2)	[8|9][3][4][5][2|8][6][7][2|9][1]
1	Row_2 (8)	[1|5|6|8][2][5|6|8][9][1|4|8][7][4|8][3|4|6][3|4]
2	Row_3 (9)	[1|6|8|9][1|6][7][1|4|8][1|2|4|8][3][4|8|9][2|4|6|9][5]
3	Row_4 (4)	[2][4][1|5|8][1|8][9][1|5|8][3][7][6]
4	Row_5 (6)	[5|6|8][9][5|6|8][7][3][4|5|8][1][4|5][2]
5	Row_6 (4)	[3][7][1|5][1|4][6][2][4|5|9][4|5|9][8]
6	Row_7 (1)	[4][8][2][3][5][9][6][1][7]
7	Row_8 (6)	[1|6][1|5|6][3|9][2][7][1|4][4|5][8][3|9]
8	Row_9 (10)	[7][1|5][3|9][6][1|4|8][1|4|8][2][3|4|5][3|4|9]

9	Col_1 (8)	[8|9][1|5|6|8][1|6|8|9][2][5|6|8][3][4][1|6][7]
10	Col_2 (3)	[3][2][1|6][4][9][7][8][1|5|6][1|5]
11	Col_3 (12)	[4][5|6|8][7][1|5|8][5|6|8][1|5][2][3|9][3|9]
12	Col_4 (3)	[5][9][1|4|8][1|8][7][1|4][3][2][6]
13	Col_5 (8)	[2|8][1|4|8][1|2|4|8][9][3][6][5][7][1|4|8]
14	Col_6 (6)	[6][7][3][1|5|8][4|5|8][2][9][1|4][1|4|8]
15	Col_7 (4)	[7][4|8][4|8|9][3][1][4|5|9][6][4|5][2]
16	Col_8 (8)	[2|9][3|4|6][2|4|6|9][7][4|5][4|5|9][1][8][3|4|5]
17	Col_9 (3)	[1][3|4][5][6][2][8][7][3|9][3|4|9]

18	Box_1 (8)	[8|9][3][4][1|5|6|8][2][5|6|8][1|6|8|9][1|6][7]
19	Box_2 (8)	[5][2|8][6][9][1|4|8][7][1|4|8][1|2|4|8][3]
20	Box_3 (7)	[7][2|9][1][4|8][3|4|6][3|4][4|8|9][2|4|6|9][5]
21	Box_4 (6)	[2][4][1|5|8][5|6|8][9][5|6|8][3][7][1|5]
22	Box_5 (4)	[1|8][9][1|5|8][7][3][4|5|8][1|4][6][2]
23	Box_6 (4)	[3][7][6][1][4|5][2][4|5|9][4|5|9][8]
24	Box_7 (6)	[4][8][2][1|6][1|5|6][3|9][7][1|5][3|9]
25	Box_8 (4)	[3][5][9][2][7][1|4][6][1|4|8][1|4|8]
26	Box_9 (5)	[6][1][7][4|5][8][3|9][2][3|4|5][3|4|9]

Filtered intersection 7; ( 9, 9 ), ( 8, 6 )

Filtered intersection 39; ( 8, 6 ), ( 6, 6 )

TSV (43) —— s/(\d\d+)/\./g
89	3	4	5	28	6	7	29	1
1568	2	568	9	148	7	48	346	34
1689	16	7	148	1248	3	489	2469	5
2	4	158	18	9	158	3	7	6
568	9	568	7	3	458	1	45	2
3	7	15	14	6	2	459	459	8
4	8	2	3	5	9	6	1	7
16	156	39	2	7	14	45	8	39
7	15	39	6	148	148	2	345	349


==================================================
Puzzle Iteration (5)
==================================================


TSV (43) —— s/(\d\d+)/\./g
89	3	4	5	28	6	7	29	1
1568	2	568	9	148	7	48	346	34
1689	16	7	148	1248	3	489	2469	5
2	4	158	18	9	158	3	7	6
568	9	568	7	3	458	1	45	2
3	7	15	14	6	2	459	459	8
4	8	2	3	5	9	6	1	7
16	156	39	2	7	14	45	8	39
7	15	39	6	148	148	2	345	349


0	Row_1 (2)	[8|9][3][4][5][2|8][6][7][2|9][1]
1	Row_2 (8)	[1|5|6|8][2][5|6|8][9][1|4|8][7][4|8][3|4|6][3|4]
2	Row_3 (9)	[1|6|8|9][1|6][7][1|4|8][1|2|4|8][3][4|8|9][2|4|6|9][5]
3	Row_4 (4)	[2][4][1|5|8][1|8][9][1|5|8][3][7][6]
4	Row_5 (6)	[5|6|8][9][5|6|8][7][3][4|5|8][1][4|5][2]
5	Row_6 (4)	[3][7][1|5][1|4][6][2][4|5|9][4|5|9][8]
6	Row_7 (1)	[4][8][2][3][5][9][6][1][7]
7	Row_8 (6)	[1|6][1|5|6][3|9][2][7][1|4][4|5][8][3|9]
8	Row_9 (10)	[7][1|5][3|9][6][1|4|8][1|4|8][2][3|4|5][3|4|9]

9	Col_1 (8)	[8|9][1|5|6|8][1|6|8|9][2][5|6|8][3][4][1|6][7]
10	Col_2 (3)	[3][2][1|6][4][9][7][8][1|5|6][1|5]
11	Col_3 (12)	[4][5|6|8][7][1|5|8][5|6|8][1|5][2][3|9][3|9]
12	Col_4 (3)	[5][9][1|4|8][1|8][7][1|4][3][2][6]
13	Col_5 (6)	[2|8][1|4|8][1|2|4|8][9][3][6][5][7][1|4|8]
14	Col_6 (6)	[6][7][3][1|5|8][4|5|8][2][9][1|4][1|4|8]
15	Col_7 (4)	[7][4|8][4|8|9][3][1][4|5|9][6][4|5][2]
16	Col_8 (8)	[2|9][3|4|6][2|4|6|9][7][4|5][4|5|9][1][8][3|4|5]
17	Col_9 (3)	[1][3|4][5][6][2][8][7][3|9][3|4|9]

18	Box_1 (8)	[8|9][3][4][1|5|6|8][2][5|6|8][1|6|8|9][1|6][7]
19	Box_2 (6)	[5][2|8][6][9][1|4|8][7][1|4|8][1|2|4|8][3]
20	Box_3 (7)	[7][2|9][1][4|8][3|4|6][3|4][4|8|9][2|4|6|9][5]
21	Box_4 (6)	[2][4][1|5|8][5|6|8][9][5|6|8][3][7][1|5]
22	Box_5 (4)	[1|8][9][1|5|8][7][3][4|5|8][1|4][6][2]
23	Box_6 (4)	[3][7][6][1][4|5][2][4|5|9][4|5|9][8]
24	Box_7 (6)	[4][8][2][1|6][1|5|6][3|9][7][1|5][3|9]
25	Box_8 (4)	[3][5][9][2][7][1|4][6][1|4|8][1|4|8]
26	Box_9 (5)	[6][1][7][4|5][8][3|9][2][3|4|5][3|4|9]

TSV (43) —— s/(\d\d+)/\./g
89	3	4	5	28	6	7	29	1
1568	2	568	9	148	7	48	346	34
1689	16	7	148	1248	3	489	2469	5
2	4	158	18	9	158	3	7	6
568	9	568	7	3	458	1	45	2
3	7	15	14	6	2	459	459	8
4	8	2	3	5	9	6	1	7
16	156	39	2	7	14	45	8	39
7	15	39	6	148	148	2	345	349
$VAR1 = [
          [
            '934586721',
            '834526791'
          ],
          [
            '125947863',
            '125987463',
            '528917463',
            '825917463',
            '526917834',
            '625917834',
            '526917843',
            '625917843'
          ],
          [
            '867123945',
            '967413825',
            '967143825',
            '967813425',
            '967183425',
            '867123495',
            '817423965',
            '617423895',
            '167423895'
          ],
          [
            '245891376',
            '245198376',
            '241895376',
            '248195376'
          ],
          [
            '695738142',
            '596738142',
            '896735142',
            '698735142',
            '896734152',
            '698734152'
          ],
          [
            '371462598',
            '375162948',
            '371462958',
            '375162498'
          ],
          [
            '482359617'
          ],
          [
            '619274583',
            '169274583',
            '653271489',
            '163274589',
            '613274589',
            '659271483'
          ],
          [
            '759618243',
            '759681243',
            '719684253',
            '719648253',
            '713684259',
            '713648259',
            '759618234',
            '759681234',
            '753618249',
            '753681249'
          ],
          [
            '956283417',
            '986253417',
            '968253417',
            '958263417',
            '951283467',
            '918253467',
            '981253467',
            '819253467'
          ],
          [
            '326497815',
            '321497865',
            '326497851'
          ],
          [
            '487165239',
            '487561239',
            '467851239',
            '457861239',
            '467581239',
            '467185239',
            '487165293',
            '487561293',
            '467851293',
            '457861293',
            '467581293',
            '467185293'
          ],
          [
            '594871326',
            '591874326',
            '598174326'
          ],
          [
            '812936574',
            '281936574',
            '241936578',
            '248936571',
            '842936571',
            '284936571'
          ],
          [
            '673582941',
            '673852941',
            '673152948',
            '673582914',
            '673852914',
            '673542918'
          ],
          [
            '789314652',
            '748319652',
            '784319652',
            '789315642'
          ],
          [
            '236749185',
            '246759183',
            '264759183',
            '269754183',
            '962754183',
            '269745183',
            '962745183',
            '236759184'
          ],
          [
            '145628739',
            '145628793',
            '135628794'
          ],
          [
            '934825617',
            '934625817',
            '934125867',
            '934825167',
            '834125967',
            '934526817',
            '934528617',
            '934528167'
          ],
          [
            '526947813',
            '526947183',
            '586917423',
            '586947123',
            '526987413',
            '526987143'
          ],
          [
            '721463895',
            '721863495',
            '791463825',
            '791863425',
            '721843965',
            '721863945',
            '721834965'
          ],
          [
            '241896375',
            '245896371',
            '248695371',
            '248596371',
            '245698371',
            '241698375'
          ],
          [
            '195738462',
            '198735462',
            '895734162',
            '891735462'
          ],
          [
            '376142598',
            '376152498',
            '376152948',
            '376142958'
          ],
          [
            '482613759',
            '482163759',
            '482653719',
            '482619753',
            '482169753',
            '482659713'
          ],
          [
            '359274681',
            '359274618',
            '359271684',
            '359271648'
          ],
          [
            '617483259',
            '617583249',
            '617489253',
            '617589243',
            '617589234'
          ]
        ];
